0.00 0.00 0.00 0.00
0.00 0.00 0.00 0.00
1.00 28.80 28.50 0.99
1.00 28.80 28.50 0.99
1.00 28.80 28.50 0.99
1.00 28.80 28.50 0.99
1.00 28.80 28.50 0.99
1.00 28.70 28.34 0.99
1.00 28.70 28.50 0.99
1.00 28.60 28.50 1.00
1.00 28.70 28.50 0.99
1.00 28.70 28.37 0.99
1.00 28.70 28.40 0.99
1.00 28.70 28.40 0.99
1.00 28.60 28.40 0.99
1.00 28.60 28.50 1.00
1.00 28.60 28.35 0.99
1.00 28.80 28.47 0.99
1.00 28.80 28.50 0.99
1.00 28.70 28.50 0.99
1.00 28.80 28.50 0.99
1.00 28.60 28.50 1.00
1.00 28.70 28.50 0.99
1.00 28.70 28.50 0.99
