0.00 0.00 0.00 0.00
0.00 0.00 0.00 0.00
1.00 28.80 28.50 0.99
1.00 28.80 28.50 0.99
1.00 28.80 28.50 0.99
1.00 28.60 28.50 1.00
1.00 28.70 28.39 0.99
1.00 28.80 28.50 0.99
1.00 28.70 28.50 0.99
1.00 29.10 29.19 0.99
1.00 28.80 28.47 0.99
1.00 28.80 28.50 0.99
1.00 28.60 28.49 1.00
1.00 28.80 28.50 0.99
1.00 28.70 28.50 0.99
1.00 29.10 29.09 0.99
1.00 28.60 28.50 1.00
1.00 28.80 28.50 0.99
1.00 28.70 28.40 0.99
1.00 28.70 28.38 0.99
1.00 28.80 28.50 0.99
1.00 28.70 28.50 0.99
1.00 28.80 28.41 0.99
1.00 28.80 28.50 0.99
