0.00 0.00 0.00 0.00
0.00 0.00 0.00 0.00
1.00 28.70 28.40 0.99
1.00 28.50 28.39 1.00
1.00 28.80 28.50 0.99
1.00 28.90 28.45 0.98
1.00 28.60 28.50 1.00
1.00 28.50 28.40 1.00
1.00 28.70 28.40 0.99
1.00 29.30 29.37 0.99
1.00 28.90 28.41 0.98
1.00 28.50 28.40 1.00
1.00 28.70 28.40 0.99
1.00 28.80 28.50 0.99
1.00 28.70 28.50 0.99
1.00 28.70 28.40 0.99
1.00 28.50 28.40 1.00
1.00 28.70 28.40 0.99
1.00 28.50 28.40 1.00
1.00 28.70 28.50 0.99
1.00 28.80 28.50 0.99
1.00 28.50 28.40 1.00
1.00 28.80 28.50 0.99
1.00 28.80 28.50 0.99
