0.00 0.00 0.00 0.00
0.00 0.00 0.00 0.00
1.00 28.70 28.40 0.99
1.00 28.60 28.50 1.00
1.00 28.70 28.40 0.99
1.00 28.60 28.50 1.00
1.00 28.60 28.40 0.99
1.00 28.50 28.30 0.99
1.00 28.80 28.42 0.99
1.00 28.70 28.50 0.99
1.00 28.50 28.40 1.00
1.00 28.80 28.33 0.98
1.00 28.60 28.50 1.00
1.00 28.70 28.50 0.99
1.00 28.70 28.48 0.99
1.00 29.10 28.99 0.99
1.00 28.80 28.50 0.99
1.00 29.20 28.60 0.98
1.00 28.50 28.40 1.00
1.00 28.90 28.39 0.98
1.00 28.60 28.40 0.99
1.00 28.50 28.40 1.00
1.00 28.70 28.50 0.99
1.00 28.60 28.40 0.99
