0.00 0.00 0.00 0.00
0.00 0.00 0.00 0.00
1.00 28.40 28.28 0.99
1.00 28.50 28.37 1.00
1.00 28.70 28.40 0.99
1.00 28.80 28.49 0.99
1.00 28.60 28.40 0.99
1.00 28.60 28.40 0.99
1.00 28.70 28.40 0.99
1.00 29.50 29.79 0.99
1.00 28.70 28.39 0.99
1.00 28.60 28.50 1.00
1.00 28.70 28.40 0.99
0.00 50.00 47.40 0.95
1.00 29.00 28.36 0.98
1.00 29.20 29.04 0.99
1.00 28.50 28.40 1.00
1.00 28.70 28.40 0.99
1.00 28.80 28.50 0.99
1.00 28.90 28.40 0.98
1.00 28.70 28.40 0.99
1.00 28.50 28.39 1.00
1.00 28.70 28.50 0.99
1.00 28.70 28.50 0.99
