0.00 0.00 0.00 0.00
0.00 0.00 0.00 0.00
1.00 28.60 28.40 0.99
1.00 28.80 28.50 0.99
1.00 28.70 28.50 0.99
1.00 28.50 28.40 1.00
1.00 28.80 28.40 0.99
1.00 28.80 28.50 0.99
1.00 28.80 28.50 0.99
1.00 29.30 29.29 0.99
1.00 28.60 28.50 1.00
1.00 28.70 28.40 0.99
1.00 28.90 28.50 0.99
1.00 29.00 28.44 0.98
1.00 28.80 28.49 0.99
1.00 29.40 29.49 0.99
1.00 28.80 28.50 0.99
1.00 28.80 28.50 0.99
1.00 28.50 28.40 1.00
1.00 28.70 28.50 0.99
1.00 28.60 28.40 0.99
1.00 28.60 28.50 1.00
1.00 28.70 28.50 0.99
1.00 29.00 28.32 0.98
