0.00 0.00 0.00 0.00
0.00 0.00 0.00 0.00
1.00 28.70 28.40 0.99
1.00 28.60 28.40 0.99
0.00 50.00 47.33 0.95
1.00 28.70 28.39 0.99
1.00 28.80 28.50 0.99
1.00 28.70 28.40 0.99
1.00 28.70 28.40 0.99
1.00 28.60 28.40 0.99
1.00 28.60 28.40 0.99
1.00 28.80 28.50 0.99
1.00 28.70 28.40 0.99
1.00 28.60 28.40 0.99
1.00 28.70 28.40 0.99
1.00 28.80 28.50 0.99
1.00 28.50 28.40 1.00
1.00 28.60 28.40 0.99
1.00 28.70 28.40 0.99
1.00 28.60 28.40 0.99
1.00 28.60 28.40 0.99
1.00 28.70 28.40 0.99
1.00 28.70 28.49 0.99
1.00 28.60 28.40 0.99
