0.00 0.00 0.00 0.00
0.00 0.00 0.00 0.00
1.00 28.70 28.40 0.99
1.00 28.70 28.40 0.99
1.00 28.60 28.40 0.99
1.00 28.60 28.40 0.99
1.00 28.60 28.40 0.99
1.00 28.60 28.40 0.99
1.00 28.70 28.40 0.99
1.00 28.60 28.40 0.99
1.00 28.70 28.40 0.99
1.00 28.70 28.40 0.99
1.00 28.70 28.40 0.99
1.00 28.70 28.40 0.99
1.00 28.70 28.40 0.99
1.00 28.60 28.40 0.99
1.00 28.70 28.40 0.99
1.00 28.60 28.40 0.99
1.00 28.60 28.40 0.99
1.00 28.60 28.40 0.99
1.00 28.70 28.40 0.99
1.00 28.70 28.40 0.99
1.00 28.60 28.40 0.99
1.00 28.60 28.40 0.99
