0.00 0.00 0.00 0.00
0.00 0.00 0.00 0.00
1.00 28.50 28.40 1.00
1.00 28.50 28.40 1.00
1.00 28.50 28.40 1.00
1.00 28.50 28.40 1.00
1.00 28.50 28.40 1.00
0.00 50.00 47.30 0.95
1.00 28.50 28.40 1.00
1.00 28.50 28.40 1.00
1.00 28.60 28.40 0.99
1.00 28.50 28.40 1.00
1.00 28.50 28.40 1.00
1.00 28.60 28.40 0.99
1.00 28.50 28.40 1.00
1.00 28.50 28.40 1.00
1.00 28.50 28.40 1.00
0.00 50.00 47.32 0.95
1.00 28.50 28.40 1.00
1.00 28.50 28.40 1.00
1.00 28.60 28.40 0.99
1.00 28.50 28.40 1.00
1.00 28.50 28.40 1.00
1.00 28.50 28.40 1.00
1.00 28.50 28.40 1.00
1.00 28.60 28.40 0.99
1.00 28.60 28.40 0.99
