-18.00000 11.50000
-18.00000 9.50000
-7.00000 11.50000
-7.00000 9.50000
-12.50000 4.00000
-12.50000 17.00000
-2.00000 3.00000
0.00000 3.00000
3.00000 3.00000
5.00000 3.00000
10.00000 10.00000
12.00000 10.00000
14.00000 10.00000
16.00000 10.00000
18.00000 10.00000
3.50000 -2.50000
5.50000 -2.50000
-2.50000 -2.50000
-0.50000 -2.50000
-2.50000 -5.50000
-0.50000 -5.50000
1.50000 -5.50000
3.50000 -5.50000
5.50000 -5.50000
-18.00000 -10.00000
-16.85000 -13.53000
-13.85000 -15.71000
-10.15000 -15.71000
-7.15000 -13.53000
-6.00000 -10.00000
-7.15000 -6.47000
-10.15000 -4.29000
-13.85000 -4.29000
-16.85000 -6.47000
10.00000 -2.00000
12.00000 -2.00000
14.00000 -2.00000
16.00000 -2.00000
18.00000 -2.00000
10.00000 -17.00000
12.00000 -17.00000
14.00000 -17.00000
16.00000 -17.00000
18.00000 -17.00000
