0.00 0.00 0.00 0.00
0.00 0.00 0.00 0.00
1.00 28.70 28.58 1.00
1.00 30.10 29.44 0.97
1.00 28.80 28.49 0.99
0.00 29.70 27.28 0.93
0.00 50.00 47.72 0.96
0.00 50.00 26.59 1.00
1.00 27.80 27.49 0.99
0.00 50.00 44.72 0.89
1.00 28.30 28.00 0.99
1.00 29.70 28.47 0.96
1.00 29.20 28.56 0.98
1.00 28.30 28.58 0.99
0.00 50.00 46.44 0.93
0.00 50.00 45.39 0.91
0.00 50.00 26.49 0.99
0.00 50.00 25.39 0.99
0.00 50.00 45.76 0.92
1.00 28.20 27.90 0.99
1.00 29.10 27.83 0.96
1.00 28.90 28.55 0.99
1.00 29.30 28.13 0.96
1.00 29.80 29.30 0.97
