0.00 0.00 0.00 0.00
0.00 0.00 0.00 0.00
1.00 28.00 27.69 0.99
0.00 50.00 47.88 0.96
1.00 29.50 28.64 0.97
1.00 29.30 28.53 0.97
1.00 27.70 27.39 0.99
1.00 28.60 28.49 1.00
0.00 50.00 23.68 0.99
1.00 28.80 28.58 0.99
1.00 29.20 28.61 0.98
1.00 29.90 28.69 0.96
1.00 28.80 28.61 0.99
1.00 28.80 28.50 0.99
1.00 29.80 28.69 0.96
0.00 50.00 47.62 0.95
1.00 28.70 28.49 0.99
1.00 28.80 28.49 0.99
1.00 28.90 28.53 0.99
1.00 28.60 28.49 1.00
0.00 50.00 22.40 1.00
0.00 27.80 27.29 0.99
1.00 29.00 29.08 1.00
