0.00 0.00 0.00 0.00
0.00 0.00 0.00 0.00
1.00 28.90 28.31 0.98
1.00 28.70 28.49 0.99
0.00 50.00 46.17 0.92
1.00 28.90 28.69 0.99
1.00 28.60 28.50 1.00
1.00 29.40 28.56 0.97
1.00 28.90 28.56 0.99
1.00 28.80 28.49 0.99
0.00 38.90 37.61 0.97
0.00 31.40 27.48 0.99
0.00 50.00 26.50 0.99
1.00 29.90 29.01 0.97
1.00 29.00 28.50 0.98
1.00 28.80 28.49 0.99
1.00 28.70 28.50 0.99
0.00 29.10 27.22 0.95
0.00 50.00 47.56 0.96
1.00 28.70 28.49 0.99
1.00 29.50 28.55 0.97
1.00 27.60 27.28 0.99
1.00 29.40 28.49 0.97
1.00 29.80 29.70 0.98
