0.00 0.00 0.00 0.00
0.00 0.00 0.00 0.00
1.00 28.50 28.05 0.98
1.00 29.10 28.69 0.99
1.00 29.20 28.48 0.98
1.00 28.60 28.43 0.99
1.00 28.80 28.53 0.99
1.00 41.10 39.70 0.97
1.00 29.00 28.59 0.99
1.00 28.80 28.50 0.99
1.00 28.60 28.50 1.00
1.00 28.90 28.60 0.99
1.00 28.60 28.50 1.00
1.00 28.80 28.50 0.99
1.00 28.80 28.46 0.99
1.00 28.80 28.45 0.99
1.00 28.80 28.45 0.99
1.00 28.90 28.53 0.99
1.00 28.60 28.50 1.00
0.00 39.30 37.85 0.97
1.00 28.70 28.50 0.99
1.00 27.90 27.59 0.99
1.00 28.80 28.59 0.99
1.00 28.80 28.57 0.99
