0.00 0.00 0.00 0.00
0.00 0.00 0.00 0.00
1.00 28.70 28.49 0.99
1.00 28.70 28.59 1.00
1.00 28.80 28.48 0.99
0.00 50.00 46.75 0.93
1.00 28.90 28.59 0.99
0.00 50.00 25.68 1.00
0.00 50.00 46.43 0.93
1.00 28.80 28.57 0.99
0.00 50.00 46.52 0.93
1.00 29.30 28.50 0.97
1.00 28.60 28.49 1.00
0.00 39.00 37.52 0.97
1.00 29.40 28.59 0.97
1.00 29.00 28.62 0.99
1.00 29.30 28.53 0.97
0.00 50.00 24.55 0.99
0.00 50.00 47.49 0.95
0.00 50.00 46.48 0.93
1.00 28.70 28.40 0.99
1.00 28.70 28.38 0.99
1.00 28.70 28.55 0.99
1.00 28.70 28.60 1.00
