0.00 0.00 0.00 0.00
0.00 0.00 0.00 0.00
1.00 27.90 27.79 1.00
1.00 28.90 28.51 0.99
0.00 50.00 40.37 0.94
1.00 28.50 28.40 1.00
1.00 28.70 28.48 0.99
1.00 28.70 28.55 0.99
1.00 28.10 27.78 0.99
0.00 50.00 46.27 0.93
1.00 28.60 28.50 0.99
1.00 28.80 28.41 0.99
1.00 28.60 28.50 1.00
1.00 30.10 29.44 0.97
1.00 28.70 28.39 0.99
0.00 39.10 37.60 0.97
1.00 29.40 28.51 0.97
0.00 32.10 27.39 1.00
1.00 28.70 28.40 0.99
1.00 28.60 28.49 1.00
1.00 29.00 28.44 0.98
0.00 33.30 27.19 0.99
1.00 29.00 28.58 0.99
1.00 29.30 29.19 0.99
