0.00 0.00 0.00 0.00
0.00 0.00 0.00 0.00
1.00 38.90 37.65 0.97
1.00 28.60 28.45 0.99
0.00 46.60 38.12 0.96
1.00 29.10 28.62 0.98
1.00 28.60 28.49 1.00
1.00 28.70 28.50 0.99
0.00 50.00 46.19 0.92
1.00 27.80 27.56 0.99
1.00 28.60 28.48 1.00
1.00 28.80 28.50 0.99
1.00 28.60 28.49 1.00
1.00 30.30 30.00 0.97
1.00 28.70 28.49 0.99
1.00 27.40 27.25 0.99
1.00 28.80 28.49 0.99
1.00 28.50 28.28 0.99
1.00 28.70 28.60 1.00
1.00 28.70 28.53 0.99
1.00 29.00 28.52 0.98
1.00 28.80 28.50 0.99
1.00 29.50 28.63 0.97
1.00 29.40 29.18 0.99
