0.00 0.00 0.00 0.00
0.00 0.00 0.00 0.00
1.00 27.50 27.39 1.00
1.00 28.60 28.49 1.00
1.00 40.90 39.39 0.96
1.00 28.70 28.59 1.00
1.00 28.80 28.64 0.99
1.00 29.00 28.55 0.98
1.00 28.90 28.60 0.99
1.00 28.90 28.37 0.98
1.00 28.70 28.49 0.99
1.00 28.70 28.50 0.99
1.00 28.50 28.39 1.00
1.00 29.40 28.87 0.98
1.00 28.70 28.50 0.99
0.00 50.00 47.69 0.95
1.00 29.50 28.62 0.97
1.00 28.60 28.49 1.00
1.00 29.30 27.95 0.95
1.00 28.60 28.46 1.00
0.00 38.90 37.61 0.97
1.00 28.70 28.47 0.99
1.00 29.30 28.52 0.97
1.00 29.70 29.64 0.98
