0.00 0.00 0.00 0.00
0.00 0.00 0.00 0.00
1.00 28.60 28.50 1.00
1.00 28.70 28.50 0.99
0.00 50.00 23.31 0.99
1.00 29.10 28.53 0.98
1.00 28.60 28.50 1.00
0.00 50.00 25.19 0.99
1.00 29.60 28.64 0.97
0.00 50.00 45.76 0.92
1.00 28.70 28.53 0.99
0.00 50.00 26.60 0.99
1.00 28.80 28.63 0.99
1.00 28.70 28.39 0.99
1.00 29.70 28.55 0.96
1.00 28.60 28.50 1.00
1.00 28.80 28.64 0.99
1.00 27.90 27.69 0.99
1.00 28.70 28.58 1.00
1.00 29.00 28.48 0.98
1.00 29.60 28.64 0.97
1.00 29.00 28.62 0.99
1.00 28.80 28.53 0.99
1.00 29.70 29.45 0.98
