0.00 0.00 0.00 0.00
0.00 0.00 0.00 0.00
1.00 28.60 28.30 0.99
1.00 28.80 28.56 0.99
1.00 29.60 28.69 0.97
1.00 28.60 28.49 1.00
1.00 28.60 28.50 1.00
1.00 28.80 28.63 0.99
1.00 28.60 28.50 1.00
1.00 28.80 28.59 0.99
1.00 28.60 28.50 1.00
1.00 28.70 28.49 0.99
1.00 28.70 28.49 1.00
1.00 29.70 28.67 0.96
1.00 28.80 28.48 0.99
1.00 28.70 28.49 0.99
1.00 29.20 28.64 0.98
1.00 28.80 28.49 0.99
1.00 28.60 28.49 1.00
1.00 28.90 28.56 0.99
0.00 50.00 23.37 0.99
1.00 28.80 28.48 0.99
1.00 29.40 28.71 0.98
1.00 28.70 28.49 0.99
