0.00 0.00 0.00 0.00
0.00 0.00 0.00 0.00
1.00 28.80 28.50 0.99
1.00 29.00 28.56 0.98
1.00 28.80 28.50 0.99
1.00 28.60 28.49 1.00
0.00 50.00 46.75 0.94
1.00 29.50 28.29 0.96
1.00 28.90 28.50 0.99
0.00 50.00 25.79 1.00
1.00 28.90 28.46 0.98
0.00 50.00 25.70 1.00
1.00 28.60 28.44 0.99
1.00 29.60 28.80 0.97
1.00 28.80 28.50 0.99
1.00 29.40 28.44 0.97
1.00 28.70 28.57 1.00
1.00 28.70 28.48 0.99
1.00 28.60 28.41 0.99
1.00 27.70 27.39 1.00
1.00 29.30 28.54 0.97
1.00 41.50 39.55 0.95
1.00 28.80 28.57 0.99
1.00 28.70 28.49 0.99
