0.00 0.00 0.00 0.00
0.00 0.00 0.00 0.00
1.00 28.80 28.50 0.99
1.00 28.70 28.52 0.99
1.00 29.40 28.70 0.98
1.00 41.40 39.63 0.96
1.00 29.50 28.72 0.97
0.00 50.00 25.85 0.99
1.00 28.60 28.50 1.00
0.00 50.00 46.44 0.93
1.00 29.00 28.48 0.98
1.00 28.60 28.27 0.99
1.00 28.80 28.49 0.99
1.00 29.50 29.67 0.99
1.00 28.80 28.60 0.99
1.00 29.70 28.73 0.97
1.00 28.70 28.50 0.99
1.00 28.90 28.38 0.98
0.00 39.00 37.75 0.97
1.00 28.80 28.60 0.99
1.00 29.00 28.50 0.98
1.00 28.80 28.50 0.99
1.00 28.80 28.40 0.99
1.00 29.20 29.49 1.00
