0.00 0.00 0.00 0.00
0.00 0.00 0.00 0.00
0.00 50.00 46.36 0.93
1.00 28.80 28.60 0.99
1.00 29.40 28.63 0.97
1.00 28.70 28.40 0.99
1.00 28.80 28.60 0.99
0.00 50.00 26.82 1.00
1.00 28.80 28.50 0.99
1.00 28.00 27.70 0.99
1.00 28.80 28.38 0.99
1.00 28.80 28.50 0.99
1.00 28.80 28.50 0.99
1.00 29.10 28.89 0.99
1.00 29.20 28.59 0.98
1.00 28.60 28.46 1.00
1.00 29.40 28.52 0.97
1.00 28.70 28.50 0.99
1.00 27.60 27.25 0.99
1.00 28.80 28.59 0.99
1.00 29.50 28.59 0.97
0.00 50.00 46.20 0.92
1.00 28.90 28.50 0.99
1.00 29.30 29.19 0.99
