0.00 0.00 0.00 0.00
0.00 0.00 0.00 0.00
1.00 29.30 28.25 0.96
1.00 28.80 28.50 0.99
0.00 50.00 22.60 0.99
1.00 28.80 28.50 0.99
0.00 30.10 27.33 0.93
0.00 50.00 24.30 1.00
1.00 28.90 28.49 0.99
0.00 50.00 26.76 0.99
1.00 28.60 28.40 0.99
0.00 50.00 26.69 0.99
1.00 28.70 28.59 1.00
1.00 28.90 28.51 0.99
1.00 29.50 28.52 0.97
1.00 29.10 28.53 0.98
1.00 28.60 28.49 1.00
0.00 50.00 46.48 0.93
1.00 29.50 28.56 0.97
1.00 28.90 28.50 0.99
1.00 28.90 28.59 0.99
1.00 28.80 28.50 0.99
1.00 29.40 28.75 0.98
1.00 28.70 28.50 0.99
