0.00 0.00 0.00 0.00
0.00 0.00 0.00 0.00
1.00 27.80 27.49 0.99
1.00 29.00 28.63 0.99
1.00 28.70 28.50 0.99
1.00 28.80 28.48 0.99
1.00 28.10 27.76 0.99
1.00 28.60 28.50 1.00
1.00 28.80 28.49 0.99
1.00 28.90 28.60 0.99
1.00 28.80 28.51 0.99
0.00 50.00 42.71 0.93
1.00 29.60 28.52 0.96
1.00 28.90 28.60 0.99
1.00 29.40 28.42 0.97
1.00 28.70 28.50 0.99
1.00 29.60 28.70 0.97
0.00 50.00 47.75 0.96
1.00 28.60 28.49 1.00
1.00 29.00 28.48 0.98
1.00 28.80 28.48 0.99
0.00 50.00 47.72 0.96
1.00 29.30 28.61 0.98
1.00 28.70 28.49 0.99
