0.00 0.00 0.00 0.00
0.00 0.00 0.00 0.00
0.00 39.20 37.57 0.97
1.00 29.10 28.67 0.99
1.00 28.60 28.27 0.99
1.00 29.00 28.55 0.98
0.00 39.50 38.05 0.98
1.00 29.00 28.32 0.98
1.00 28.70 28.57 1.00
1.00 28.10 27.80 0.99
1.00 28.70 28.46 0.99
1.00 27.60 27.29 0.99
1.00 29.20 28.67 0.98
1.00 29.90 29.84 0.98
1.00 29.30 28.38 0.97
1.00 28.80 28.49 0.99
1.00 29.30 28.63 0.98
1.00 28.60 28.26 0.99
1.00 28.90 28.57 0.99
1.00 28.70 28.50 0.99
1.00 29.00 28.60 0.99
1.00 28.80 28.50 0.99
1.00 28.70 28.58 1.00
1.00 30.00 30.04 0.98
