0.00 0.00 0.00 0.00
0.00 0.00 0.00 0.00
0.00 50.00 46.50 0.93
1.00 28.90 28.52 0.99
1.00 28.80 28.59 0.99
0.00 50.00 26.00 1.00
1.00 48.90 45.41 0.93
1.00 41.30 39.52 0.96
0.00 50.00 47.76 0.96
0.00 50.00 46.81 0.94
0.00 39.10 37.82 0.98
0.00 50.00 45.40 0.91
1.00 29.10 28.54 0.98
1.00 29.00 28.96 0.99
1.00 28.30 27.87 0.98
0.00 28.00 27.35 0.98
0.00 28.90 27.39 0.98
0.00 39.20 37.17 0.96
1.00 28.60 28.49 1.00
0.00 50.00 47.88 0.96
1.00 28.50 28.20 0.99
1.00 29.10 28.67 0.99
1.00 28.20 28.10 1.00
1.00 29.40 29.25 0.98
