0.00 0.00 0.00 0.00
0.00 0.00 0.00 0.00
0.00 50.00 46.40 0.93
1.00 28.80 28.49 0.99
1.00 28.90 28.54 0.99
0.00 30.20 27.88 0.94
1.00 29.00 28.55 0.98
1.00 28.70 28.55 0.99
0.00 50.00 26.84 0.99
1.00 28.90 28.58 0.99
1.00 27.70 27.35 0.99
1.00 28.60 28.21 0.99
1.00 27.60 27.29 0.99
1.00 28.80 28.48 0.99
1.00 28.80 28.40 0.99
1.00 29.40 28.65 0.97
1.00 29.00 28.57 0.99
0.00 50.00 41.87 0.94
1.00 28.00 27.54 0.99
1.00 28.90 28.48 0.99
1.00 29.60 28.66 0.97
0.00 45.00 37.57 0.98
1.00 28.60 28.50 1.00
1.00 29.40 29.17 0.99
