0.00 0.00 0.00 0.00
0.00 0.00 0.00 0.00
0.00 50.00 46.46 0.93
1.00 28.60 28.49 1.00
1.00 29.00 28.53 0.98
1.00 28.60 28.49 1.00
1.00 38.70 37.66 0.97
1.00 28.60 28.47 1.00
0.00 50.00 22.94 0.99
1.00 28.70 28.39 0.99
1.00 28.60 28.48 1.00
1.00 29.20 28.60 0.98
1.00 28.60 28.48 1.00
1.00 28.90 28.59 0.99
1.00 29.20 28.70 0.98
1.00 28.70 28.39 0.99
1.00 29.30 28.61 0.98
1.00 29.40 28.61 0.97
1.00 28.50 28.20 0.99
1.00 28.70 28.58 1.00
1.00 27.70 27.39 0.99
0.00 50.00 45.20 0.92
1.00 28.60 28.49 1.00
1.00 28.80 28.56 0.99
