0.00 0.00 0.00 0.00
0.00 0.00 0.00 0.00
1.00 28.10 27.90 0.99
1.00 28.80 28.45 0.99
1.00 28.90 28.60 0.99
0.00 50.00 26.89 0.99
1.00 29.10 28.62 0.98
1.00 28.60 28.49 1.00
1.00 28.90 28.43 0.98
1.00 28.50 28.26 0.99
0.00 27.40 27.19 1.00
1.00 27.70 27.31 0.99
1.00 29.30 28.59 0.98
1.00 29.10 28.89 0.99
1.00 28.50 28.39 1.00
0.00 50.00 47.54 0.95
1.00 28.80 28.46 0.99
1.00 27.30 27.19 1.00
1.00 29.20 28.63 0.98
1.00 28.60 28.49 1.00
1.00 29.10 28.42 0.98
1.00 29.20 28.61 0.98
1.00 29.40 28.48 0.97
1.00 29.20 29.04 0.99
