1.00 1.00 3.45 5.79 1.08 1.00
1.00 1.00 5.35 5.79 1.08 1.00
1.00 3.00 7.26 3.67 1.08 1.00
1.00 1.00 3.45 1.54 1.08 1.00
1.00 1.00 5.35 1.54 1.08 1.00
1.00 3.00 1.54 3.67 1.08 1.00
1.00 1.00 11.25 5.79 1.08 1.00
1.00 1.00 13.15 5.79 1.08 1.00
1.00 3.00 15.06 3.67 1.08 1.00
1.00 1.00 11.25 1.54 1.08 1.00
1.00 1.00 13.15 1.54 1.08 1.00
1.00 3.00 9.34 3.67 1.08 1.00
1.00 1.00 19.05 5.79 1.08 1.00
1.00 1.00 20.95 5.79 1.08 1.00
1.00 3.00 22.86 3.67 1.08 1.00
1.00 1.00 19.05 1.54 1.08 1.00
1.00 1.00 20.95 1.54 1.08 1.00
1.00 3.00 17.14 3.67 1.08 1.00
1.00 1.00 26.85 5.79 1.08 1.00
1.00 1.00 28.75 5.79 1.08 1.00
1.00 3.00 30.66 3.67 1.08 1.00
1.00 1.00 26.85 1.54 1.08 1.00
1.00 1.00 28.75 1.54 1.08 1.00
1.00 3.00 24.94 3.67 1.08 1.00
1.00 1.00 34.65 5.79 1.08 1.00
1.00 1.00 36.55 5.79 1.08 1.00
1.00 3.00 38.46 3.67 1.08 1.00
1.00 1.00 34.65 1.54 1.08 1.00
1.00 1.00 36.55 1.54 1.08 1.00
1.00 3.00 32.74 3.67 1.08 1.00
1.00 1.00 3.45 12.13 1.08 1.00
1.00 1.00 5.35 12.13 1.08 1.00
1.00 3.00 7.26 10.00 1.08 1.00
1.00 1.00 3.45 7.87 1.08 1.00
1.00 1.00 5.35 7.87 1.08 1.00
1.00 3.00 1.54 10.00 1.08 1.00
1.00 1.00 11.25 12.13 1.08 1.00
1.00 1.00 13.15 12.13 1.08 1.00
1.00 3.00 15.06 10.00 1.08 1.00
1.00 1.00 11.25 7.87 1.08 1.00
1.00 1.00 13.15 7.87 1.08 1.00
1.00 3.00 9.34 10.00 1.08 1.00
1.00 1.00 19.05 12.13 1.08 1.00
1.00 1.00 20.95 12.13 1.08 1.00
1.00 3.00 22.86 10.00 1.08 1.00
1.00 1.00 19.05 7.87 1.08 1.00
1.00 1.00 20.95 7.87 1.08 1.00
1.00 3.00 17.14 10.00 1.08 1.00
1.00 1.00 26.85 12.13 1.08 1.00
1.00 1.00 28.75 12.13 1.08 1.00
1.00 3.00 30.66 10.00 1.08 1.00
1.00 1.00 26.85 7.87 1.08 1.00
1.00 1.00 28.75 7.87 1.08 1.00
1.00 3.00 24.94 10.00 1.08 1.00
1.00 1.00 34.65 12.13 1.08 1.00
1.00 1.00 36.55 12.13 1.08 1.00
1.00 3.00 38.46 10.00 1.08 1.00
1.00 1.00 34.65 7.87 1.08 1.00
1.00 1.00 36.55 7.87 1.08 1.00
1.00 3.00 32.74 10.00 1.08 1.00
1.00 1.00 3.45 18.46 1.08 1.00
1.00 1.00 5.35 18.46 1.08 1.00
1.00 3.00 7.26 16.33 1.08 1.00
1.00 1.00 3.45 14.21 1.08 1.00
1.00 1.00 5.35 14.21 1.08 1.00
1.00 3.00 1.54 16.33 1.08 1.00
1.00 1.00 11.25 18.46 1.08 1.00
1.00 1.00 13.15 18.46 1.08 1.00
1.00 3.00 15.06 16.33 1.08 1.00
1.00 1.00 11.25 14.21 1.08 1.00
1.00 1.00 13.15 14.21 1.08 1.00
1.00 3.00 9.34 16.33 1.08 1.00
1.00 1.00 19.05 18.46 1.08 1.00
1.00 1.00 20.95 18.46 1.08 1.00
1.00 3.00 22.86 16.33 1.08 1.00
1.00 1.00 19.05 14.21 1.08 1.00
1.00 1.00 20.95 14.21 1.08 1.00
1.00 3.00 17.14 16.33 1.08 1.00
1.00 1.00 26.85 18.46 1.08 1.00
1.00 1.00 28.75 18.46 1.08 1.00
1.00 3.00 30.66 16.33 1.08 1.00
1.00 1.00 26.85 14.21 1.08 1.00
1.00 1.00 28.75 14.21 1.08 1.00
1.00 3.00 24.94 16.33 1.08 1.00
1.00 1.00 34.65 18.46 1.08 1.00
1.00 1.00 36.55 18.46 1.08 1.00
1.00 3.00 38.46 16.33 1.08 1.00
1.00 1.00 34.65 14.21 1.08 1.00
1.00 1.00 36.55 14.21 1.08 1.00
1.00 3.00 32.74 16.33 1.08 1.00
2.00 0.00 28.64 -0.54 1.08 1.00
2.00 0.00 30.29 -0.54 1.08 1.00
2.00 0.00 31.93 -0.54 1.08 1.00
2.00 0.00 33.57 -0.54 1.08 1.00
2.00 0.00 35.21 -0.54 1.08 1.00
2.00 0.00 36.86 -0.54 1.08 1.00
2.00 0.00 28.64 20.54 1.08 1.00
2.00 0.00 30.29 20.54 1.08 1.00
2.00 0.00 31.93 20.54 1.08 1.00
2.00 0.00 33.57 20.54 1.08 1.00
2.00 0.00 35.21 20.54 1.08 1.00
2.00 0.00 36.86 20.54 1.08 1.00
3.00 0.00 14.56 -0.54 1.08 1.00
3.00 0.00 16.11 -0.54 1.08 1.00
3.00 0.00 17.67 -0.54 1.08 1.00
3.00 0.00 19.22 -0.54 1.08 1.00
3.00 0.00 20.78 -0.54 1.08 1.00
3.00 0.00 22.33 -0.54 1.08 1.00
3.00 0.00 23.89 -0.54 1.08 1.00
3.00 0.00 25.44 -0.54 1.08 1.00
3.00 0.00 14.56 -2.42 1.08 1.00
3.00 0.00 16.11 -2.42 1.08 1.00
3.00 0.00 17.67 -2.42 1.08 1.00
3.00 0.00 19.22 -2.42 1.08 1.00
3.00 0.00 20.78 -2.42 1.08 1.00
3.00 0.00 22.33 -2.42 1.08 1.00
3.00 0.00 23.89 -2.42 1.08 1.00
3.00 0.00 25.44 -2.42 1.08 1.00
3.00 0.00 14.56 -4.30 1.08 1.00
3.00 0.00 16.11 -4.30 1.08 1.00
3.00 0.00 17.67 -4.30 1.08 1.00
3.00 0.00 19.22 -4.30 1.08 1.00
3.00 0.00 20.78 -4.30 1.08 1.00
3.00 0.00 22.33 -4.30 1.08 1.00
3.00 0.00 23.89 -4.30 1.08 1.00
3.00 0.00 25.44 -4.30 1.08 1.00
3.00 0.00 14.56 20.54 1.08 1.00
3.00 0.00 16.11 20.54 1.08 1.00
3.00 0.00 17.67 20.54 1.08 1.00
3.00 0.00 19.22 20.54 1.08 1.00
3.00 0.00 20.78 20.54 1.08 1.00
3.00 0.00 22.33 20.54 1.08 1.00
3.00 0.00 23.89 20.54 1.08 1.00
3.00 0.00 25.44 20.54 1.08 1.00
3.00 0.00 14.56 22.42 1.08 1.00
3.00 0.00 16.11 22.42 1.08 1.00
3.00 0.00 17.67 22.42 1.08 1.00
3.00 0.00 19.22 22.42 1.08 1.00
3.00 0.00 20.78 22.42 1.08 1.00
3.00 0.00 22.33 22.42 1.08 1.00
3.00 0.00 23.89 22.42 1.08 1.00
3.00 0.00 25.44 22.42 1.08 1.00
3.00 0.00 14.56 24.30 1.08 1.00
3.00 0.00 16.11 24.30 1.08 1.00
3.00 0.00 17.67 24.30 1.08 1.00
3.00 0.00 19.22 24.30 1.08 1.00
3.00 0.00 20.78 24.30 1.08 1.00
3.00 0.00 22.33 24.30 1.08 1.00
3.00 0.00 23.89 24.30 1.08 1.00
3.00 0.00 25.44 24.30 1.08 1.00
4.00 0.00 3.14 -0.54 1.08 1.00
4.00 0.00 4.79 -0.54 1.08 1.00
4.00 0.00 6.43 -0.54 1.08 1.00
4.00 0.00 8.07 -0.54 1.08 1.00
4.00 0.00 9.71 -0.54 1.08 1.00
4.00 0.00 11.36 -0.54 1.08 1.00
4.00 0.00 3.14 20.54 1.08 1.00
4.00 0.00 4.79 20.54 1.08 1.00
4.00 0.00 6.43 20.54 1.08 1.00
4.00 0.00 8.07 20.54 1.08 1.00
4.00 0.00 9.71 20.54 1.08 1.00
4.00 0.00 11.36 20.54 1.08 1.00
