0.00 4.40 3.67 6.80 5.33
0.00 12.20 3.67 6.80 5.33
0.00 20.00 3.67 6.80 5.33
0.00 27.80 3.67 6.80 5.33
0.00 35.60 3.67 6.80 5.33
0.00 4.40 10.00 6.80 5.33
0.00 12.20 10.00 6.80 5.33
0.00 20.00 10.00 6.80 5.33
0.00 27.80 10.00 6.80 5.33
0.00 35.60 10.00 6.80 5.33
0.00 4.40 16.33 6.80 5.33
0.00 12.20 16.33 6.80 5.33
0.00 20.00 16.33 6.80 5.33
0.00 27.80 16.33 6.80 5.33
0.00 35.60 16.33 6.80 5.33
1.00 33.75 -2.50 12.50 5.00
1.00 33.75 22.50 12.50 5.00
2.00 20.00 -2.50 15.00 5.00
2.00 20.00 22.50 15.00 5.00
3.00 6.25 -2.50 12.50 5.00
3.00 6.25 22.50 12.50 5.00
