13.00000 0.00000 -3.14159
12.36000 4.02000 -2.82743
10.52000 7.64000 -2.51327
7.64000 10.52000 -2.19911
4.02000 12.36000 -1.88496
0.00000 13.00000 -1.57080
-4.02000 12.36000 -1.25664
-7.64000 10.52000 -0.94248
-10.52000 7.64000 -0.62832
-12.36000 4.02000 -0.31416
-13.00000 0.00000 0.00000
-12.36000 -4.02000 0.31416
-10.52000 -7.64000 0.62832
-7.64000 -10.52000 0.94248
-4.02000 -12.36000 1.25664
-0.00000 -13.00000 1.57080
4.02000 -12.36000 1.88496
7.64000 -10.52000 2.19911
10.52000 -7.64000 2.51327
12.36000 -4.02000 2.82743
