-7.00000 11.50000 3.14159
-7.00000 9.50000 3.14159
-18.00000 11.50000 0.00000
-18.00000 9.50000 0.00000
-12.50000 17.00000 4.71239
-12.50000 4.00000 1.57080
-2.00000 16.00000 -1.57080
0.00000 16.00000 -1.57080
3.00000 16.00000 -1.57080
5.00000 16.00000 -1.57080
10.00000 4.00000 1.57080
12.00000 4.00000 1.57080
14.00000 4.00000 1.57080
16.00000 4.00000 1.57080
18.00000 4.00000 1.57080
-2.50000 -2.50000 0.00000
-0.50000 -2.50000 0.00000
3.50000 -2.50000 3.14159
5.50000 -2.50000 3.14159
-2.50000 -18.50000 1.57080
-0.50000 -18.50000 1.57080
1.50000 -18.50000 1.57080
3.50000 -18.50000 1.57080
5.50000 -18.50000 1.57080
-6.00000 -10.00000 3.14159
-7.15000 -6.47000 3.76991
-10.15000 -4.29000 4.39823
-13.85000 -4.29000 5.02655
-16.85000 -6.47000 5.65487
-18.00000 -10.00000 6.28319
-16.85000 -13.53000 6.91150
-13.85000 -15.71000 7.53982
-10.15000 -15.71000 8.16814
-7.15000 -13.53000 8.79646
10.00000 -17.00000 1.57080
12.00000 -17.00000 1.57080
14.00000 -17.00000 1.57080
16.00000 -17.00000 1.57080
18.00000 -17.00000 1.57080
10.00000 -2.00000 -1.57080
12.00000 -2.00000 -1.57080
14.00000 -2.00000 -1.57080
16.00000 -2.00000 -1.57080
18.00000 -2.00000 -1.57080
