13.12500 2.00000 3.14159
13.12500 -2.00000 3.14159
11.12500 2.00000 3.14159
11.12500 -2.00000 3.14159
12.12500 0.00000 3.14159
-13.12500 2.00000 0.00000
-13.12500 -2.00000 0.00000
-11.12500 2.00000 0.00000
-11.12500 -2.00000 0.00000
-12.12500 0.00000 0.00000
2.00000 13.12500 -1.57080
-2.00000 13.12500 -1.57080
2.00000 11.12500 -1.57080
-2.00000 11.12500 -1.57080
0.00000 12.12500 -1.57080
2.00000 -13.12500 1.57080
-2.00000 -13.12500 1.57080
2.00000 -11.12500 1.57080
-2.00000 -11.12500 1.57080
0.00000 -12.12500 1.57080
